b7eeb49a
b74c3ce6
b828acb7
382b39d8
abb73ad0
3be2b925
3a8e3e47
3997b87c
3f5bb801
bf08bc68
b097b5a3
2ab9bdd3
be2b2074
bc893c81
bc86bd83
bc763742
b8e63ba5
3853c020
bb6cbef5
b8ee3709
b9dfbcea
3b02391b
390f416f
2ce8bd73
bee23e45
b3343583
3699b4ec
3d2da6e7
2dbd3d01
34d23b0b
3af13c17
b3b53aeb
00000000
00000000
00000000
00000000
00000000
00000000
00000000
00000000
00000000
00000000
00000000
00000000
00000000
00000000
00000000
00000000
00000000
00000000
00000000
00000000
00000000
00000000
00000000
00000000
00000000
00000000
00000000
00000000
00000000
00000000
00000000
00000000
00000000
00000000
00000000
00000000
00000000
00000000
00000000
00000000
00000000
00000000
00000000
00000000
00000000
00000000
00000000
00000000
00000000
00000000
00000000
00000000
00000000
00000000
00000000
00000000
00000000
00000000
00000000
00000000
00000000
00000000
00000000
00000000
00000000
00000000
00000000
00000000
00000000
00000000
00000000
00000000
00000000
00000000
00000000
00000000
00000000
00000000
00000000
00000000
00000000
00000000
00000000
00000000
00000000
00000000
00000000
00000000
00000000
00000000
00000000
00000000
00000000
00000000
00000000
00000000
00000000
00000000
00000000
00000000
00000000
00000000
00000000
00000000
00000000
00000000
00000000
00000000
00000000
00000000
00000000
00000000
00000000
00000000
00000000
00000000
00000000
00000000
00000000
00000000
00000000
00000000
00000000
00000000
00000000
00000000
00000000
00000000
00000000
00000000
00000000
00000000
00000000
00000000
00000000
00000000
00000000
00000000
00000000
00000000
00000000
00000000
00000000
00000000
00000000
00000000
00000000
00000000
00000000
00000000
00000000
00000000
00000000
00000000
00000000
00000000
00000000
00000000
00000000
00000000
00000000
00000000
00000000
00000000
00000000
00000000
00000000
00000000
00000000
00000000
00000000
00000000
00000000
00000000
00000000
00000000
00000000
00000000
00000000
00000000
00000000
00000000
00000000
00000000
00000000
00000000
00000000
00000000
00000000
00000000
00000000
00000000
00000000
00000000
00000000
00000000
00000000
00000000
00000000
00000000
00000000
00000000
00000000
00000000
00000000
00000000
00000000
00000000
00000000
00000000
00000000
00000000
00000000
00000000
00000000
00000000
00000000
00000000
00000000
00000000
00000000
00000000
00000000
00000000
00000000
00000000
00000000
00000000
00000000
00000000
00000000
00000000
00000000
00000000
00000000
00000000
00000000
00000000
00000000
00000000
00000000
00000000
00000000
00000000
00000000
00000000
00000000
00000000
00000000
00000000
00000000
00000000
00000000
00000000
00000000
00000000
00000000
00000000
00000000
00000000
00000000
00000000
00000000
00000000
00000000
00000000
00000000
00000000
00000000
00000000
00000000
00000000
00000000
00000000
00000000
00000000
00000000
00000000
00000000
00000000
00000000
00000000
00000000
00000000
00000000
00000000
00000000
00000000
b7eeb49a
b74c3ce6
b828acb7
382b39d8
abb73ad0
3be2b925
3a8e3e47
3997b87c
3f5bb801
bf08bc68
b097b5a3
2ab9bdd3
be2b2074
bc893c81
bc86bd83
bc763742
b8e63ba5
3853c020
bb6cbef5
b8ee3709
b9dfbcea
3b02391b
390f416f
2ce8bd73
bee23e45
b3343583
3699b4ec
3d2da6e7
2dbd3d01
34d23b0b
3af13c17
b3b53aeb
00000000
00000000
00000000
00000000
00000000
00000000
00000000
00000000
00000000
00000000
00000000
00000000
00000000
00000000
00000000
00000000
00000000
00000000
00000000
00000000
00000000
00000000
00000000
00000000
00000000
00000000
00000000
00000000
00000000
00000000
00000000
00000000
00000000
00000000
00000000
00000000
00000000
00000000
00000000
00000000
00000000
00000000
00000000
00000000
00000000
00000000
00000000
00000000
00000000
00000000
00000000
00000000
00000000
00000000
00000000
00000000
00000000
00000000
00000000
00000000
00000000
00000000
00000000
00000000
00000000
00000000
00000000
00000000
00000000
00000000
00000000
00000000
00000000
00000000
00000000
00000000
00000000
00000000
00000000
00000000
00000000
00000000
00000000
00000000
00000000
00000000
00000000
00000000
00000000
00000000
00000000
00000000
00000000
00000000
00000000
00000000
00000000
00000000
00000000
00000000
00000000
00000000
00000000
00000000
00000000
00000000
00000000
00000000
00000000
00000000
00000000
00000000
00000000
00000000
00000000
00000000
00000000
00000000
00000000
00000000
00000000
00000000
00000000
00000000
00000000
00000000
00000000
00000000
00000000
00000000
00000000
00000000
00000000
00000000
00000000
00000000
00000000
00000000
00000000
00000000
00000000
00000000
00000000
00000000
00000000
00000000
00000000
00000000
00000000
00000000
00000000
00000000
00000000
00000000
00000000
00000000
00000000
00000000
00000000
00000000
00000000
00000000
00000000
00000000
00000000
00000000
00000000
00000000
00000000
00000000
00000000
00000000
00000000
00000000
00000000
00000000
00000000
00000000
00000000
00000000
00000000
00000000
00000000
00000000
00000000
00000000
00000000
00000000
00000000
00000000
00000000
00000000
00000000
00000000
00000000
00000000
00000000
00000000
00000000
00000000
00000000
00000000
00000000
00000000
00000000
00000000
00000000
00000000
00000000
00000000
00000000
00000000
00000000
00000000
00000000
00000000
00000000
00000000
00000000
00000000
00000000
00000000
00000000
00000000
00000000
00000000
00000000
00000000
00000000
00000000
00000000
00000000
00000000
00000000
00000000
00000000
00000000
00000000
00000000
00000000
00000000
00000000
00000000
00000000
00000000
00000000
00000000
00000000
00000000
00000000
00000000
00000000
00000000
00000000
00000000
00000000
00000000
00000000
00000000
00000000
00000000
00000000
00000000
00000000
00000000
00000000
00000000
00000000
00000000
00000000
00000000
00000000
00000000
00000000
00000000
00000000
00000000
00000000
00000000
00000000
00000000
00000000
00000000
00000000
00000000
00000000
00000000
00000000
381eb1ef
b86d3f05
bae1b63c
bd003a93
bfe8b55d
275b3bbc
3d12c0e5
bc48b5d6
2a603c05
bc95be69
3cda3d41
b1dd33bd
b58e017f
2a4c30b6
3c5ab888
3880b6bb
3885bfb5
34f6b8ac
b223be26
40693616
38bfb578
b48db9c0
3bccbe58
b1343659
33d1b483
367c3d12
ba643a9a
bc80a78c
3388bc0c
2da9b80a
b0b538d0
3cae2a75
00000000
00000000
00000000
00000000
00000000
00000000
00000000
00000000
00000000
00000000
00000000
00000000
00000000
00000000
00000000
00000000
00000000
00000000
00000000
00000000
00000000
00000000
00000000
00000000
00000000
00000000
00000000
00000000
00000000
00000000
00000000
00000000
00000000
00000000
00000000
00000000
00000000
00000000
00000000
00000000
00000000
00000000
00000000
00000000
00000000
00000000
00000000
00000000
00000000
00000000
00000000
00000000
00000000
00000000
00000000
00000000
00000000
00000000
00000000
00000000
00000000
00000000
00000000
00000000
00000000
00000000
00000000
00000000
00000000
00000000
00000000
00000000
00000000
00000000
00000000
00000000
00000000
00000000
00000000
00000000
00000000
00000000
00000000
00000000
00000000
00000000
00000000
00000000
00000000
00000000
00000000
00000000
00000000
00000000
00000000
00000000
00000000
00000000
00000000
00000000
00000000
00000000
00000000
00000000
00000000
00000000
00000000
00000000
00000000
00000000
00000000
00000000
00000000
00000000
00000000
00000000
00000000
00000000
00000000
00000000
00000000
00000000
00000000
00000000
00000000
00000000
00000000
00000000
00000000
00000000
00000000
00000000
00000000
00000000
00000000
00000000
00000000
00000000
00000000
00000000
00000000
00000000
00000000
00000000
00000000
00000000
00000000
00000000
00000000
00000000
00000000
00000000
00000000
00000000
00000000
00000000
00000000
00000000
00000000
00000000
00000000
00000000
00000000
00000000
00000000
00000000
00000000
00000000
00000000
00000000
00000000
00000000
00000000
00000000
00000000
00000000
00000000
00000000
00000000
00000000
00000000
00000000
00000000
00000000
00000000
00000000
00000000
00000000
00000000
00000000
00000000
00000000
00000000
00000000
00000000
00000000
00000000
00000000
00000000
00000000
00000000
00000000
00000000
00000000
00000000
00000000
00000000
00000000
00000000
00000000
00000000
00000000
00000000
00000000
00000000
00000000
00000000
00000000
00000000
00000000
00000000
00000000
00000000
00000000
00000000
00000000
00000000
00000000
00000000
00000000
00000000
00000000
00000000
00000000
00000000
00000000
00000000
00000000
00000000
00000000
00000000
00000000
00000000
00000000
00000000
00000000
00000000
00000000
00000000
00000000
00000000
00000000
00000000
00000000
00000000
00000000
00000000
00000000
00000000
00000000
00000000
00000000
00000000
00000000
00000000
00000000
00000000
00000000
00000000
00000000
00000000
00000000
00000000
00000000
00000000
00000000
00000000
00000000
00000000
00000000
00000000
00000000
00000000
00000000
00000000
00000000
00000000
00000000
b8d139fd
b4e4b425
39f7399a
412f3b27
31e1332e
b91c2e17
3c4e3074
bc16b642
3787c0aa
bc9bb961
ba6b3e1c
3116b341
b4bbba16
27523f7a
354cb5a2
b4de3b7d
b6ce36b6
908f2c28
370fbee1
b8043461
378dbd18
37a5bc21
b864bf47
bc433d8c
b41f3bff
bad23deb
3c98bf11
3a95b5fc
3e1fad8d
b6f6b8e4
b43db759
bebc3738
00000000
00000000
00000000
00000000
00000000
00000000
00000000
00000000
00000000
00000000
00000000
00000000
00000000
00000000
00000000
00000000
00000000
00000000
00000000
00000000
00000000
00000000
00000000
00000000
00000000
00000000
00000000
00000000
00000000
00000000
00000000
00000000
00000000
00000000
00000000
00000000
00000000
00000000
00000000
00000000
00000000
00000000
00000000
00000000
00000000
00000000
00000000
00000000
00000000
00000000
00000000
00000000
00000000
00000000
00000000
00000000
00000000
00000000
00000000
00000000
00000000
00000000
00000000
00000000
00000000
00000000
00000000
00000000
00000000
00000000
00000000
00000000
00000000
00000000
00000000
00000000
00000000
00000000
00000000
00000000
00000000
00000000
00000000
00000000
00000000
00000000
00000000
00000000
00000000
00000000
00000000
00000000
00000000
00000000
00000000
00000000
00000000
00000000
00000000
00000000
00000000
00000000
00000000
00000000
00000000
00000000
00000000
00000000
00000000
00000000
00000000
00000000
00000000
00000000
00000000
00000000
00000000
00000000
00000000
00000000
00000000
00000000
00000000
00000000
00000000
00000000
00000000
00000000
00000000
00000000
00000000
00000000
00000000
00000000
00000000
00000000
00000000
00000000
00000000
00000000
00000000
00000000
00000000
00000000
00000000
00000000
00000000
00000000
00000000
00000000
00000000
00000000
00000000
00000000
00000000
00000000
00000000
00000000
00000000
00000000
00000000
00000000
00000000
00000000
00000000
00000000
00000000
00000000
00000000
00000000
00000000
00000000
00000000
00000000
00000000
00000000
00000000
00000000
00000000
00000000
00000000
00000000
00000000
00000000
00000000
00000000
00000000
00000000
00000000
00000000
00000000
00000000
00000000
00000000
00000000
00000000
00000000
00000000
00000000
00000000
00000000
00000000
00000000
00000000
00000000
00000000
00000000
00000000
00000000
00000000
00000000
00000000
00000000
00000000
00000000
00000000
00000000
00000000
00000000
00000000
00000000
00000000
00000000
00000000
00000000
00000000
00000000
00000000
00000000
00000000
00000000
00000000
00000000
00000000
00000000
00000000
00000000
00000000
00000000
00000000
00000000
00000000
00000000
00000000
00000000
00000000
00000000
00000000
00000000
00000000
00000000
00000000
00000000
00000000
00000000
00000000
00000000
00000000
00000000
00000000
00000000
00000000
00000000
00000000
00000000
00000000
00000000
00000000
00000000
00000000
00000000
00000000
00000000
00000000
00000000
00000000
00000000
00000000
00000000
00000000
00000000
00000000
00000000
00000000
00000000
00000000
00000000
00000000
b8d139fd
b4e4b425
39f7399a
412f3b27
31e1332e
b91c2e17
3c4e3074
bc16b642
3787c0aa
bc9bb961
ba6b3e1c
3116b341
b4bbba16
27523f7a
354cb5a2
b4de3b7d
b6ce36b6
908f2c28
370fbee1
b8043461
378dbd18
37a5bc21
b864bf47
bc433d8c
b41f3bff
bad23deb
3c98bf11
3a95b5fc
3e1fad8d
b6f6b8e4
b43db759
bebc3738
00000000
00000000
00000000
00000000
00000000
00000000
00000000
00000000
00000000
00000000
00000000
00000000
00000000
00000000
00000000
00000000
00000000
00000000
00000000
00000000
00000000
00000000
00000000
00000000
00000000
00000000
00000000
00000000
00000000
00000000
00000000
00000000
00000000
00000000
00000000
00000000
00000000
00000000
00000000
00000000
00000000
00000000
00000000
00000000
00000000
00000000
00000000
00000000
00000000
00000000
00000000
00000000
00000000
00000000
00000000
00000000
00000000
00000000
00000000
00000000
00000000
00000000
00000000
00000000
00000000
00000000
00000000
00000000
00000000
00000000
00000000
00000000
00000000
00000000
00000000
00000000
00000000
00000000
00000000
00000000
00000000
00000000
00000000
00000000
00000000
00000000
00000000
00000000
00000000
00000000
00000000
00000000
00000000
00000000
00000000
00000000
00000000
00000000
00000000
00000000
00000000
00000000
00000000
00000000
00000000
00000000
00000000
00000000
00000000
00000000
00000000
00000000
00000000
00000000
00000000
00000000
00000000
00000000
00000000
00000000
00000000
00000000
00000000
00000000
00000000
00000000
00000000
00000000
00000000
00000000
00000000
00000000
00000000
00000000
00000000
00000000
00000000
00000000
00000000
00000000
00000000
00000000
00000000
00000000
00000000
00000000
00000000
00000000
00000000
00000000
00000000
00000000
00000000
00000000
00000000
00000000
00000000
00000000
00000000
00000000
00000000
00000000
00000000
00000000
00000000
00000000
00000000
00000000
00000000
00000000
00000000
00000000
00000000
00000000
00000000
00000000
00000000
00000000
00000000
00000000
00000000
00000000
00000000
00000000
00000000
00000000
00000000
00000000
00000000
00000000
00000000
00000000
00000000
00000000
00000000
00000000
00000000
00000000
00000000
00000000
00000000
00000000
00000000
00000000
00000000
00000000
00000000
00000000
00000000
00000000
00000000
00000000
00000000
00000000
00000000
00000000
00000000
00000000
00000000
00000000
00000000
00000000
00000000
00000000
00000000
00000000
00000000
00000000
00000000
00000000
00000000
00000000
00000000
00000000
00000000
00000000
00000000
00000000
00000000
00000000
00000000
00000000
00000000
00000000
00000000
00000000
00000000
00000000
00000000
00000000
00000000
00000000
00000000
00000000
00000000
00000000
00000000
00000000
00000000
00000000
00000000
00000000
00000000
00000000
00000000
00000000
00000000
00000000
00000000
00000000
00000000
00000000
00000000
00000000
00000000
00000000
00000000
00000000
00000000
00000000
00000000
00000000
00000000
00000000
00000000
00000000
00000000
00000000
90000000
90001000
90002000
90003000
90004000
00004197
80818193
02000e93
0d0efed7
00002eb7
300eaef3
00000e93
80502373
806023f3
40000e13
03c30333
00730133
00000213
80102f73
40000e13
03cf0f33
01e38433
00003517
fc450513
00003617
fbc60613
00c50863
00052023
00450513
fec56ce3
803022f3
0002a303
0042a503
0302a383
0342ae03
00003e97
f88e8e93
00003f17
f84f0f13
007ea023
01cf2023
00000f97
018f8f93
305f9073
000300e7
0000400b
0040006f
00100313
00001297
f5428293
0062a023
01410113
fe112623
01052283
fe512e23
00c52283
fe512823
00852283
fe512c23
00052283
fe512a23
5e004057
178000ef
ff012383
960131d7
ff412283
0232c0d7
0000a0fb
5e02c357
4a1012d7
ff812303
023340d7
0000a0fb
0233c257
0002217b
4a1010d7
5e03c3d7
4a201157
ffc12283
0232c1d7
0001a1fb
0412c161
0200b2d7
96513457
02740057
02640357
0003237b
000023fb
041343e1
0070607b
0400c00b
a2283357
000102b7
fff28293
2622c3d7
4a641357
0862607b
4a741357
0062607b
0a60640b
080223fb
0802030b
0a70638b
0082607b
0872607b
00100313
02000293
5e0344d7
01c0006f
0000205b
5e02c557
0400c00b
00000317
0543305b
0495765b
0002257b
2ea49557
000325fb
5e004657
2eb495d7
9690b4d7
0014968b
26d286d7
00000317
fc83305b
fcd610db
0002267b
02a61557
00a2607b
0003257b
02b51557
00a3607b
fa5ff06f
0000205b
07c3a283
0fc3a303
5e02c2d7
828292d7
0052607b
5e0342d7
827292d7
0053607b
4a5492d7
0002237b
4a649357
965832d7
026282d7
4a5112d7
0052607b
0412c161
0000207b
4a301157
04104161
fec12083
fec10113
00008067
00410113
fe112e23
00200293
5e02c0d7
00000317
04c3305b
0200885b
00100293
5e02c0d7
00000317
0383305b
0200825b
5e0040d7
00000317
0283305b
00009e5b
108000ef
0180006f
164000ef
0100006f
12c000ef
0080006f
5e004057
0000205b
ffc12083
ffc10113
00008067
00410113
fe112e23
80302573
00852283
80002373
5208a157
02234057
01852e03
8a0e6057
ffc12083
ffc10113
00008067
00410113
fe112e23
80302573
00852283
80002373
5208a157
02234057
01852e03
01c52e83
03ce8f33
8a0f6057
820e6057
5e0ec0d7
00000317
0143305b
0000c65b
fff00f13
021f4057
0000205b
ffc12083
ffc10113
00008067
00410113
fe112e23
80302573
80002373
5208a157
02234057
01852e03
01c52e83
02052f03
03ce8eb3
820ee057
5e0f40d7
00000317
0143305b
0000c65b
fff00f13
021f4057
0000205b
ffc12083
ffc10113
00008067
00410113
fe112e23
f1dff0ef
80302573
80802373
01852e03
02452e83
03c30fb3
01df8fb3
020fc057
ffc12083
ffc10113
00008067
00410113
fe112e23
f19ff0ef
80902373
01c52383
02852e83
02730e33
01de0e33
020e4057
ffc12083
ffc10113
00008067
00410113
fe112e23
f41ff0ef
80302573
80a02373
02052383
02c52e03
026383b3
01c383b3
0203c057
ffc12083
ffc10113
00008067
800000b8
90005000
00000001
00000020
00000001
00000001
00000020
00000001
00000001
00000000
00000000
00000000
00000000
00000000
00000000
00000000
