900000B7
00400113
806021F3
0201C1D7
022081c1
00100213
00100213
00100213
00100213
00100213
00100213
00100213
00100213
00100213
00100213
00100213
00100213
00100213
00100213
00100213
00100213
00100213
00100213
00100213
00100213
00100213
00100213
00100213
00100213
00100213
00100213
00100213
00100213
00100213
00100213
00100213
00100213
00100213
00100213
00100213
00100213
00100213
00100213
00100213
00100213
00100213
00100213
00100213
00100213
00100213
00100213
00100213
00100213
00100213
00100213
00100213
00100213
00100213
00100213
00100213
00100213
00100213
00100213
00100213
00100213
00100213
00100213
00100213
00100213
00100213
00100213
00100213
00100213
00100213
00100213
00100213
00100213
00100213
00100213
00100213
00100213
00100213
00100213
00100213
00100213
00100213
00100213
00100213
00100213
00100213
00100213
00100213
00100213
00100213
00100213
00100213
00100213
00100213
00100213
00100213
00100213
00100213
00100213
00100213
00100213
00100213
00100213
00100213
00100213
00100213
00100213
00100213
00100213
00100213
00100213
00100213
00100213
00100213
00100213
00100213
00100213
00100213
00100213
00100213
00100213
00100213
00100213
00100213
00100213
00100213
00100213
00100213
00100213
00100213
00100213
00100213
00100213
00100213
00100213
00100213
00100213
00100213
00100213
00100213
00100213
00100213
00100213
00100213
00100213
00100213
0000400B
00100213
00100213
00100213
00100213
00100213
00100213
00100213
00100213
00100213
00100213
00100213
00100213
00100213
00100213
00100213
00100213
00100213
00100213
00100213
00100213
00100213
00100213
00100213
00100213
00100213
00100213
00100213
00100213
00100213
00100213
00100213
00100213
00100213
00100213
00100213
00100213
00100213
00100213
00100213
00100213
00100213
00100213
00100213
00100213
00100213
00100213
00100213
00100213
00100213
00100213
00100213
00100213
00100213
00100213
00100213
00100213
00100213
00100213
00100213
00100213
00100213
00100213
00100213
00100213
00100213
00100213
00100213
00100213
00100213
00100213
00100213
00100213
00100213
00100213
00100213
00100213
00100213
00100213
00100213
00100213
00100213
00100213
00100213
00100213
00100213
00100213
00100213
00100213
00100213
00100213
00100213
00100213
00100213
00100213
00100213
00100213
00100213
00100213
00100213
00100213
00100213
00100213
00100213
00100213
00100213
30201000
70605040
B0A09080
F0E0D0C0
31211101
71615141
B1A19181
F1E1D1C1
32221202
72625242
B2A29282
F2E2D2C2
33231303
73635343
B3A39383
F3E3D3C3
34241404
74645444
B4A49484
F4E4D4C4
35251505
75655545
B5A59585
F5E5D5C5
36261606
76665646
B6A69686
F6E6D6C6
37271707
77675747
B7A79787
F7E7D7C7
38281808
78685848
B8A89888
F8E8D8C8
39291909
79695949
B9A99989
F9E9D9C9
3A2A1A0A
7A6A5A4A
BAAA9A8A
FAEADACA
3B2B1B0B
7B6B5B4B
BBAB9B8B
FBEBDBCB
3C2C1C0C
7C6C5C4C
BCAC9C8C
FCECDCCC
3D2D1D0D
7D6D5D4D
BDAD9D8D
FDEDDDCD
3E2E1E0E
7E6E5E4E
BEAE9E8E
FEEEDECE
3F2F1F0F
7F6F5F4F
BFAF9F8F
FFEFDFCF
